201 952 192 716 815 466 469 970 862 106
669 700 439 246 581 635 172 630 283 487
406 405 125 685 940 34 19 823 393 879
975 475 721 909 573 646 929 515 462 484
946 677 356 143 460 5 524 261 193 149
509 896 23 943 187 234 693 967 278 681
923 203 680 210 653 245 951 576 933 643
640 860 640 852 509 40 975 706 949 538
901 77 44 363 0 516 148 960 579 455
208 556 250 24 826 151 332 407 937 88
249 772 541 49 900 843 879 9 830 801
520 594 446 603 49 847 241 573 630 758
195 786 380 921 730 709 765 181 938 727
280 972 440 762 570 190 438 920 428 503
520 741 506 615 935 286 640 998 600 832
186 673 830 372 657 644 39 337 860 243
755 262 703 550 350 850 287 561 614 939
829 351 228 814 79 823 771 520 342 9
876 953 179 843 159 386 146 807 439 772
865 75 11 397 102 29 649 244 973 910
818 153 248 478 194 205 484 469 532 200
325 506 836 661 830 570 504 373 304 191
763 603 158 20 623 927 113 510 427 290
847 377 933 139 280 630 957 907 134 96
498 159 427 505 472 451 381 126 352 350
872 417 192 262 275 275 940 953 671 710
116 449 898 36 252 82 243 552 325 36
672 872 354 98 244 679 847 36 277 987
226 142 350 43 959 638 318 829 83 362
524 114 346 874 668 392 257 551 474 285
456 684 163 131 777 697 745 510 457 111
1 168 862 702 658 239 328 342 518 20
267 317 532 699 320 249 826 798 652 241
389 845 224 873 888 319 482 396 935 411
225 950 751 607 20 872 699 811 450 478
237 48 989 654 854 716 968 736 390 778
958 537 372 935 493 315 984 495 901 136
224 342 772 42 83 770 930 253 667 837
670 34 424 629 828 945 267 235 684 159
786 395 159 153 347 25 151 399 464 367
986 789 649 688 397 917 457 563 391 224
436 166 262 56 557 305 854 655 867 862
563 13 431 612 913 947 624 168 337 807
723 175 995 21 472 131 173 202 197 49
981 154 98 12 250 679 136 765 270 518
90 781 987 568 75 487 591 506 15 920
531 973 416 925 382 485 128 858 408 417
249 72 671 933 129 429 945 948 354 139
435 870 336 434 424 669 185 106 752 743
722 584 852 545 501 976 635 186 370 770
801 758 657 947 29 744 638 118 293 703
353 167 891 954 424 324 809 302 885 127
481 784 929 784 949 697 397 527 574 439
639 740 932 411 948 317 166 835 849 889
824 824 95 196 83 428 57 990 746 203
822 393 898 765 772 365 634 784 881 424
418 581 479 695 137 378 146 368 861 60
628 686 429 263 918 266 306 81 166 847
26 171 516 971 478 696 340 47 846 310
684 976 401 665 31 581 613 804 766 384
658 893 80 651 186 574 150 751 631 889
851 712 274 653 560 794 470 405 24 994
420 971 455 324 136 708 469 564 280 454
248 744 969 2 620 400 127 248 398 885
588 195 850 796 18 389 630 229 759 255
616 617 196 851 133 844 60 175 706 128
338 387 642 177 948 681 579 7 146 338
73 492 760 353 779 417 160 255 687 911
811 601 305 448 851 657 315 830 876 600
211 236 792 220 917 401 133 688 657 934
401 261 177 929 713 183 918 283 273 5
103 658 711 231 354 446 313 987 455 720
994 151 872 792 4 438 809 318 492 949
918 336 988 553 142 247 207 674 573 866
273 525 64 137 599 691 742 98 967 879
595 539 556 795 663 19 750 593 955 692
936 500 912 814 746 414 521 555 930 442
396 330 608 315 619 454 546 828 330 751
736 935 908 183 524 529 769 574 13 908
894 626 101 282 242 949 933 956 141 957
829 176 750 308 591 825 776 468 401 738
943 758 898 937 128 537 23 22 466 707
480 424 974 298 401 992 451 348 573 797
374 285 318 591 151 516 424 603 524 555
719 301 251 316 213 59 425 138 504 534
660 799 125 427 618 789 391 440 993 525
99 913 727 337 160 385 390 856 118 491
495 858 360 623 174 288 575 279 3 59
313 389 72 533 562 702 284 458 915 741
814 286 288 493 500 821 289 468 922 934
472 851 361 663 936 543 126 324 689 495
997 718 401 218 163 328 382 121 814 514
826 477 11 85 501 902 502 2 352 263
67 330 189 18 688 916 980 95 102 422
743 431 290 384 962 93 257 560 721 687
687 646 95 960 278 950 274 878 853 759
55 389 118 107 941 677 795 895 785 935
405 224 925 481 555 922 847 681 238 609
146 302 899 925 627 476 219 655 469 260
791 756 326 21 924 992 218 553 307 495